1940 3.5902303
1941 2.664480547
1942 26.90678588
1943 84.69135664
1944 43.90184988
1945 336.7503649
1946 173.4778769
1947 88.85396876
1948 143.9990944
1949 175.6281795
1950 175.9168342
1951 160.8854503
1952 179.6305652
1953 111.1446627
1954 199.4691133
1955 163.9889287
1956 812.4682207
1957 848.7812822
1958 188.5867063
1959 796.3183104
1960 1038.505843
1961 1840.480356
1962 3473.943959
1963 3684.53605
1964 1885.715707
1965 3249.131237
1966 7752.924692
1967 4778.306418
1968 3838.870166
1969 1324.716861
1970 3094.133892
1971 2265.630294
1972 1495.551174
1973 1641.304936
1974 802.419489
1975 498.33972
1976 133.2303764
1977 18.59480717
1978 63.96008555
1979 139.8811016
1980 482.1006541
1981 615.8097108
1982 576.0131288
1983 920.6385918
1984 825.5513877
1985 601.0430496
1986 1369.647242
1987 1082.473639
1988 860.370115
1989 1359.241589
1990 1283.247148
1991 889.1268954
1992 1158.234423
1993 1792.079802
1994 1802.652374
1995 1006.745994
1996 622.541712
1997 458.1023571
1998 541.4985748
1999 555.4873074
2000 512.9837006
2001 498.6811765
2002 543.6252037
2003 568.5029352
2004 548.9730815
2005 545.3379844
2006 515.8928026
2007 472.3979008
2008 750.5983592
2009 512.1844262
2010 419.4159808
2011 580.6397702
2012 580.6397702
